bgplanet.txt
00 00 00 00 00 00 00 00 00 00 00 00 00 00 00 00
00 00 00 00 00 00 00 00 00 00 00 00 00 00 00 00
00 00 00 00 00 00 00 00 00 05 00 00 00 00 00 00
00 00 00 00 00 00 00 0C 04 02 0D 00 00 00 00 00
00 00 00 00 00 00 00 00 07 08 00 00 00 00 00 00
00 00 00 00 00 00 00 00 00 00 0C 02 01 0D 00 00
00 05 00 00 06 00 00 00 00 00 00 08 07 00 00 00
03 04 01 02 03 0D 00 00 00 00 00 00 00 0A 17 19
08 00 00 08 07 00 00 00 00 00 0A 18 16 0B 00 00
00 00 00 00 00 00 00 00 00 00 00 00 00 00 00 00
00 00 00 00 00 0C 01 02 03 0D 00 00 00 00 00 00
00 00 00 00 00 00 07 00 07 00 00 00 00 00 00 00
05 05 00 05 06 00 00 05 06 00 06 00 00 00 00 00
01 02 03 04 03 01 03 02 01 03 04 1C FF FF FF FF
