bg01.txt
00 00 00 00 00 00 00 00 00 00 00 00 00 00 00 00
00 00 00 00 00 00 00 00 00 00 00 00 00 00 00 00
00 00 00 00 00 00 00 00 00 00 00 00 00 00 00 00
00 00 00 00 00 00 00 00 00 00 00 00 00 00 00 00
00 00 00 00 00 00 00 00 00 00 00 00 00 00 00 00
00 00 00 00 00 00 00 00 00 00 00 00 00 00 00 00
00 00 00 00 00 00 00 00 00 00 00 00 00 00 00 00
16 17 18 19 17 0B 00 00 00 00 00 00 00 00 00 00
00 00 1B 17 18 16 0B 00 00 00 00 00 00 00 00 00
00 00 0A 16 1A 1B 18 0B 00 00 00 00 00 00 00 00
00 00 0A 18 0B 0A 16 19 17 18 16 19 18 0B 00 00
00 00 0A 16 0B 0A 16 1A 1B 17 1A 1B 17 0B 00 00
00 00 0A 19 0B 0A 17 0B 0A 18 0B 0A 16 0B 00 00
FF FF FF FF FF FF FF FF FF FF FF FF FF FF FF FF
