bg02.txt
00 00 00 00 00 00 00 00 00 00 00 00 00 00 00 00
00 00 00 00 00 00 00 00 00 00 00 00 00 00 00 00
00 00 00 00 00 00 00 00 00 00 00 00 00 00 00 00
00 00 00 00 00 00 00 00 00 00 00 00 00 00 00 00
00 00 00 00 00 00 00 00 00 00 00 00 00 00 00 00
00 00 00 00 00 05 00 00 06 00 00 05 00 00 00 00
00 00 00 00 0C 01 02 03 04 0D 0C 04 02 03 01 02
00 00 00 00 00 07 00 08 07 00 00 08 00 07 00 08
00 00 00 00 00 00 00 00 00 00 00 00 00 00 00 00
00 00 00 00 00 00 00 00 00 00 00 00 00 00 00 00
00 00 00 00 00 00 00 00 00 00 00 00 00 00 00 00
00 00 00 00 00 00 00 00 00 00 00 00 00 00 00 00
05 00 06 06 00 05 00 06 06 00 05 00 06 06 00 05
02 03 02 04 01 02 04 03 02 01 03 01 02 04 01 02
