bgplanet.txt
00 00 00 00 00 00 00 00 00 00 00 00 00 00 00 00
00 00 00 00 00 00 00 00 00 00 00 00 00 00 00 00
00 00 00 0C 01 0D 0C 03 01 0D 00 00 00 00 00 00
00 0C 01 0D 08 00 00 07 08 00 00 00 00 00 00 00
00 00 07 00 00 00 00 00 00 0C 02 0D 00 00 00 00
00 00 00 00 00 00 00 00 00 00 08 00 00 00 00 00
01 02 0D 00 00 00 00 06 00 00 00 00 06 00 00 00
00 08 00 00 00 0C 01 04 03 0D 00 0C 02 04 03 01
00 00 00 00 00 00 08 00 07 00 00 00 07 00 08 08
00 00 00 00 00 00 00 00 00 00 00 00 00 00 00 00
00 00 00 00 00 00 00 00 00 00 00 00 00 00 00 00
00 00 00 00 00 00 00 00 00 00 00 00 00 00 00 00
06 00 05 00 06 00 06 00 00 05 06 00 05 00 06 06
03 04 01 03 02 04 01 01 02 03 04 02 03 01 02 04
