bgplanet.txt
00 00 00 00 00 00 00 00 00 00 00 00 00 00 00 00
00 00 00 00 00 00 00 00 00 00 00 00 00 00 00 00
00 00 00 00 00 00 00 00 00 00 00 00 00 00 00 00
00 00 00 00 00 00 00 00 00 00 00 00 00 00 00 00
00 00 00 00 00 00 00 00 00 00 00 00 00 00 00 00
00 00 00 00 00 05 06 00 00 00 00 00 00 00 00 00
00 00 06 00 0C 02 03 02 01 0D 00 0C 02 03 01 02
01 02 04 0D 00 07 00 08 07 00 00 00 07 08 00 07
08 00 07 00 00 00 00 00 00 00 00 00 00 00 00 00
00 00 00 00 00 00 00 00 00 00 00 00 00 00 00 00
00 00 00 00 00 00 00 00 00 00 00 00 00 00 00 00
00 00 00 00 00 00 00 00 00 00 00 00 00 00 00 00
05 06 00 05 00 05 05 00 05 06 00 06 00 06 00 05
02 01 02 01 04 01 03 02 03 04 02 01 01 03 04 02
