bgplanet.txt
00 00 00 00 00 00 00 00 00 00 00 00 00 00 00 00
00 00 00 00 00 00 00 00 00 00 00 00 00 00 00 00
00 00 00 0C 02 0D 00 00 00 00 00 00 00 00 00 00
00 00 00 00 07 00 00 00 00 00 00 00 00 00 00 00
00 00 0C 03 01 0D 00 00 00 00 00 00 00 00 00 00
05 00 00 07 08 00 00 00 00 00 00 00 00 00 00 00
01 02 03 04 0D 00 00 00 00 00 00 00 00 00 00 00
07 07 00 08 00 00 00 00 00 00 00 00 00 0C 03 04
00 00 00 00 00 00 00 00 00 00 00 00 00 00 08 00
00 00 00 00 00 00 00 00 00 00 00 00 00 00 00 00
00 00 00 00 00 00 00 00 00 00 00 00 00 00 00 00
00 00 00 00 00 00 00 00 00 00 00 00 00 00 00 00
05 06 00 05 00 06 05 00 00 00 00 06 00 06 00 05
02 01 02 01 04 03 01 1C FF FF 1D 02 01 03 04 02
