bgplanet.txt
00 00 00 00 00 00 00 00 00 00 00 00 00 00 00 00
00 00 00 00 00 00 00 00 00 0C 01 0D 00 00 00 00
00 00 00 00 00 0C 01 03 0D 00 08 00 00 00 00 00
00 00 0C 02 0D 00 07 08 00 00 00 00 00 00 00 00
00 00 00 07 00 00 00 00 00 00 00 0C 03 0D 00 00
00 00 00 00 00 00 0C 04 0D 00 00 00 08 00 00 00
02 03 0D 00 00 00 00 07 00 00 00 00 00 00 06 00
00 08 00 00 00 00 00 00 00 05 00 00 00 0C 02 04
00 00 00 00 00 00 0C 03 01 02 0D 00 00 00 08 00
00 00 00 00 00 00 00 07 00 08 00 00 00 00 00 00
00 00 00 00 0C 03 0D 00 00 00 00 00 00 00 00 00
00 00 00 00 00 07 00 00 00 00 00 00 00 00 00 00
05 00 00 05 00 00 00 05 00 06 05 00 06 06 00 05
03 01 02 01 02 04 03 01 03 04 02 03 04 03 02 01
