bgplanet.txt
00 00 00 00 00 00 00 00 00 00 00 00 00 00 00 00
00 00 00 00 00 00 00 00 00 00 00 00 00 00 00 00
00 00 00 00 00 00 00 00 00 00 00 00 00 00 00 00
00 00 00 00 00 00 00 00 00 00 00 00 00 00 00 00
00 00 00 00 00 00 00 00 00 00 00 00 00 00 00 00
00 00 00 00 00 00 00 00 00 00 00 00 00 00 00 00
06 00 00 00 00 00 00 00 00 00 00 00 00 00 00 00
04 02 0D 00 00 00 00 00 00 00 00 00 00 0C 02 04
00 08 00 00 00 00 00 00 00 00 00 00 00 00 08 00
00 00 00 00 00 00 00 00 00 00 00 00 00 00 00 00
00 00 00 00 00 00 00 00 00 00 00 00 00 00 00 00
00 00 00 00 00 00 00 00 00 00 00 00 00 00 00 00
06 05 00 06 06 00 00 06 06 00 05 05 00 05 00 06
04 03 01 02 03 02 04 03 01 03 01 04 02 04 03 03
