bgplanet.txt
00 00 00 00 00 00 00 00 00 00 00 00 00 00 00 00
00 00 00 00 00 00 00 00 00 00 00 00 00 00 00 00
00 00 00 00 00 00 00 00 00 00 00 00 00 00 00 00
00 00 00 00 00 00 00 00 00 00 00 00 00 00 00 00
00 00 00 00 00 00 00 00 00 00 00 00 00 00 00 00
00 00 00 00 00 00 00 00 00 00 00 00 00 00 00 00
06 05 00 05 06 00 00 06 06 00 00 06 05 00 05 06
04 02 01 03 02 01 01 04 03 02 04 01 02 03 02 04
07 00 08 07 00 08 08 00 07 00 08 00 00 07 00 08
00 00 00 00 00 00 00 00 00 00 00 00 00 00 00 00
00 00 00 00 00 00 00 00 00 00 00 00 00 00 00 00
00 00 00 00 00 00 00 00 00 00 00 00 00 00 00 00
05 00 06 05 00 00 05 05 00 05 06 00 00 06 00 05
02 02 03 01 02 04 03 04 02 01 02 03 02 01 02 01
