bgplanet.txt
00 00 00 00 00 00 00 00 00 00 00 00 00 00 00 00
00 00 00 00 00 00 00 00 00 00 00 00 00 00 00 00
00 00 00 00 00 00 00 00 00 00 00 00 00 00 00 00
00 00 00 00 00 00 00 00 00 00 00 00 00 00 00 00
00 00 00 00 00 00 00 00 00 00 00 00 00 00 00 00
00 00 00 00 00 00 00 00 00 00 00 00 00 00 00 00
00 00 00 0C 04 03 0D 00 00 00 00 00 00 06 00 00
00 00 00 00 08 08 00 00 00 00 00 00 0C 03 02 04
00 00 00 00 00 00 00 0C 04 03 0D 00 00 07 00 07
00 00 00 00 06 05 00 00 07 08 00 00 00 00 00 00
02 04 03 02 01 04 03 02 0D 00 00 00 00 00 00 00
07 00 07 00 00 07 00 08 00 00 00 00 00 00 00 00
05 00 05 05 00 06 00 06 06 00 00 00 06 00 06 05
02 04 04 02 01 03 02 02 04 03 04 02 01 03 04 02
