bg10.txt
21 22 23 20 22 21 20 23 20 23 21 22 23 21 22 20
22 82 83 00 26 00 00 27 00 00 26 00 27 26 00 27
21 92 00 00 00 00 00 00 00 00 00 00 00 00 00 00
23 20 1F 00 00 00 00 00 00 00 00 00 00 00 00 00
20 21 1F 00 00 00 00 00 00 00 00 00 00 00 00 00
22 23 22 1F 24 00 00 25 24 00 00 00 00 00 00 00
20 21 23 21 22 20 21 22 21 23 21 1F 00 25 24 00
21 1F 26 00 27 1E 22 23 20 21 22 23 20 21 22 23
23 1F 00 00 00 00 26 1E 21 20 23 20 22 1F 27 00
22 1F 00 00 00 00 00 00 1E 22 21 1F 00 00 00 00
21 1F 00 00 00 00 00 00 00 00 26 00 00 00 00 00
22 21 1F 25 24 00 00 25 00 24 00 00 00 25 24 00
20 22 23 21 22 20 23 20 21 22 21 23 22 20 21 23
FE FE FE FE FE FE FE FE FE FE FE FE FE FE FE FE
