~
21 22 23 20 22 21 20 23 20 23 21 22 23 21 22 20
26 00 27 26 21 20 23 21 22 20 23 82 83 27 00 27
00 00 00 00 26 21 22 23 20 21 27 92 00 00 00 00
00 00 00 00 00 26 21 22 23 26 00 00 00 00 00 00
00 00 24 00 00 00 26 00 27 00 00 00 00 00 00 00
21 23 22 20 1F 00 00 00 00 00 00 00 00 00 00 00
00 80 81 23 21 1F 00 00 00 00 25 00 24 00 00 25
00 00 80 81 22 20 21 22 20 23 21 20 22 23 20 22
00 00 00 80 27 00 00 26 27 00 00 00 00 26 00 00
00 00 00 00 00 00 00 00 00 00 00 00 00 00 00 00
00 00 00 00 00 00 00 00 00 00 00 00 00 00 00 00
00 00 24 00 00 25 00 00 00 00 24 00 00 25 00 00
20 22 23 21 22 20 23 20 21 22 21 23 22 20 21 23
FE FE FE FE FE FE FE FE FE FE FE FE FE FE FE FE
