~
21 22 23 20 22 21 20 23 20 23 21 22 23 21 22 20
26 00 27 26 00 27 00 26 00 26 00 26 81 83 00 27
00 00 00 00 00 00 00 00 00 00 00 00 91 00 00 00
00 00 00 00 00 00 00 00 00 00 00 00 00 00 00 00
00 00 00 00 00 00 00 00 00 00 00 00 00 00 00 00
00 25 24 00 00 00 00 00 00 00 00 00 00 00 00 00
23 20 21 22 00 23 22 21 22 20 21 1F 00 00 00 00
00 80 81 23 00 21 20 23 1F 00 26 00 00 00 00 00
00 00 91 26 00 00 27 00 00 00 00 00 00 24 00 00
00 00 00 00 00 00 00 00 1E 20 21 20 23 20 21 22
00 25 00 00 00 24 1E 23 21 1F 27 26 00 27 80 81
22 23 21 20 00 21 22 1F 00 00 00 00 00 00 00 91
20 21 22 23 00 23 1F 00 00 00 00 00 00 00 00 00
FE FE FE FE FE FE FE FE FE FE FE FE FE FE FE FE
