bg18.txt
21 22 23 20 22 21 20 23 20 23 21 22 23 21 22 20
26 00 27 26 00 26 27 81 83 26 00 26 00 27 00 27
00 00 00 00 00 00 00 91 00 00 00 00 00 00 00 00
00 00 00 00 00 00 00 00 00 00 00 00 00 00 00 00
00 00 00 00 00 00 00 00 00 00 00 00 00 00 00 00
00 00 00 00 00 00 00 00 00 00 00 00 00 00 00 00
00 00 00 00 00 00 00 00 00 24 00 00 00 25 00 00
00 00 00 00 00 25 00 00 1E 22 23 20 23 22 21 20
24 00 00 1E 22 20 21 1F 00 26 00 27 26 00 00 26
20 21 23 1F 00 00 26 00 00 00 00 00 00 00 00 00
82 83 27 00 00 00 00 00 00 00 00 00 00 00 00 00
92 00 00 00 00 00 00 00 00 00 00 00 00 00 00 00
00 00 00 00 00 00 00 00 00 00 00 00 00 00 00 00
FE FE FE FE FE FE FE FE FE FE FE FE FE FE FE FE
