bg20.txt
00 00 00 00 00 00 00 00 00 00 00 00 00 00 00 00
00 00 00 00 00 00 00 00 00 00 00 00 00 00 00 00
00 00 00 00 00 00 00 00 00 00 00 00 00 00 00 00
00 00 00 00 00 00 00 00 00 00 00 00 00 00 00 00
00 00 00 00 00 00 00 00 00 00 00 00 00 00 00 00
00 00 00 00 00 00 00 00 00 00 00 00 00 00 00 00
00 00 00 00 0A 17 18 19 17 0B 00 00 00 00 00 00
00 00 00 00 0A 16 1A 1B 17 16 18 0B 00 00 00 00
00 00 00 00 0A 19 0B 0A 18 1A 1B 19 17 0B 00 00
00 00 00 00 0A 18 0B 0A 16 0B 00 00 1B 18 17 19
00 00 00 00 0A 16 0B 0A 18 0B 0A 16 0A 16 19 16
00 00 00 00 0A 18 0B 0A 19 0B 0A 17 0A 17 18 19
00 00 00 00 0A 17 0B 0A 18 0B 0A 18 0A 19 16 17
FF FF FF FF FF FF FF FF FF FF FF FF FF FF FF FF
