bgplanet.txt
00 00 00 00 00 00 00 00 00 00 00 00 00 00 00 00
00 00 00 00 00 00 00 00 00 00 00 00 00 00 00 00
00 00 00 00 00 00 00 00 00 00 00 00 00 00 00 00
00 00 00 00 00 00 00 00 0A 18 17 16 00 00 00 00
00 00 00 00 00 00 00 00 0A 17 1A 00 00 00 00 00
00 00 00 00 00 00 00 00 0A 16 0B 00 00 00 00 00
00 00 00 00 00 00 00 00 0A 18 0B 0A 17 18 19 16
00 00 00 00 00 00 00 00 0A 19 0B 00 00 00 1B 17
00 00 00 00 00 00 00 00 0A 17 0B 00 00 00 0A 18
16 17 18 19 0B 00 0A 18 16 1A 0A 18 19 16 17 19
17 18 19 16 0B 00 00 00 00 00 0A 16 1A 1B 18 16 
16 16 17 19 0B 00 00 00 00 0A 19 17 18 19 16 19
16 19 18 17 0B 00 0A 19 17 18 16 18 1A 1B 17 18
FF FF FF FF FF FF FF FF FF FF FF FF FF FF FF FF
