bgplanet.txt
00 00 00 00 00 00 00 00 00 00 00 00 00 00 00 00
00 00 00 00 00 00 00 00 00 00 00 00 00 00 00 00
00 00 00 00 00 0A 19 18 16 17 0B 00 00 00 00 00
00 00 00 00 00 0A 18 16 19 17 16 18 17 16 0B 00
00 00 00 00 00 0A 17 1A 00 00 00 00 00 1B 18 0B
00 00 00 00 00 0A 16 0B 00 00 00 00 00 0A 19 0B
16 18 19 17 0B 0A 17 19 18 16 0B 0A 17 18 16 19
19 16 18 1A 00 0A 19 18 17 16 0B 00 00 00 00 00
18 17 1A 00 00 00 00 00 00 00 00 00 00 00 00 00
16 19 18 1A 00 0A 16 0B 00 00 0A 16 19 17 16 18
17 18 1A 00 00 00 00 00 00 00 0A 18 1A 1B 17 1A 
16 19 17 1A 00 00 00 00 00 00 0A 19 0B 0A 18 0B
16 17 18 19 16 18 19 17 0B 0A 18 17 0B 0A 19 0B
FF FF FF FF FF FF FF FF FF FF FF FF FF FF FF FF
