bgplanet.txt
0A 16 18 18 19 16 17 19 18 17 16 19 18 16 17 16
0A 17 1A 00 1B 17 1A 1B 17 1A 1B 17 1A 00 1B 19
0A 16 0B 00 0A 16 0B 0A 19 0B 0A 16 0B 00 0A 18
0A 18 17 16 18 19 16 18 16 19 17 18 17 16 17 19
0A 19 1A 00 00 00 00 00 00 00 00 00 00 00 00 00
17 18 0B 00 00 00 00 00 00 00 00 00 00 00 00 00
17 16 0B 00 00 00 00 00 00 00 00 00 00 00 00 00
00 00 00 00 00 00 00 00 00 00 00 00 00 00 00 00
00 00 00 00 00 00 00 00 00 00 00 00 00 00 00 00
19 18 17 0B 00 00 00 00 00 00 00 00 00 00 00 00
1B 16 18 19 16 18 17 16 19 18 17 16 17 19 17 18
0A 17 1A 00 1B 17 19 1A 00 1B 16 19 1A 00 1B 16
0A 19 0B 00 0A 19 16 0B 00 0A 18 17 0B 00 0A 19
FF FF FF FF FF FF FF FF FF FF FF FF FF FF FF FF
