bgplanet.txt
18 16 17 19 0B 00 00 00 00 00 00 00 00 00 00 00
19 1A 00 00 00 00 00 00 00 00 00 00 00 00 00 00
16 0B 00 00 00 00 00 00 00 00 00 00 00 00 00 00
17 0B 00 00 00 00 00 00 00 00 00 00 00 00 00 00
18 16 0B 00 00 00 00 00 00 00 00 00 00 00 00 00
00 00 00 00 00 00 00 00 00 00 00 00 00 00 00 00
00 00 00 00 00 00 00 00 00 00 00 00 00 00 00 00
00 00 00 00 00 00 00 00 00 00 00 00 00 00 00 00
00 00 00 00 00 00 00 00 00 00 00 00 00 00 00 00
00 00 00 00 00 00 00 00 00 00 00 00 00 00 00 00
16 16 18 19 16 18 16 0B 00 00 00 00 00 0A 17 18
0A 17 1A 00 1B 17 1A 00 00 00 00 00 00 00 1B 16
0A 19 0B 00 0A 19 0B 00 00 00 00 00 00 00 0A 19
FF FF FF FF FF FF FF FF FF FF FF FF FF FF FF FF
