bgplanet.txt
00 00 00 00 00 00 00 00 00 00 00 00 00 00 00 00
00 00 00 00 00 00 00 00 00 00 00 00 00 00 00 00
00 00 00 00 00 00 00 00 00 00 00 00 00 00 00 00
00 00 00 00 00 00 00 00 00 00 00 00 00 00 00 00
00 00 00 00 00 00 00 00 00 00 0A 16 17 16 19 18
00 00 00 00 00 00 00 00 00 00 00 00 1B 18 16 19
00 00 00 00 00 00 00 00 00 00 00 00 0A 19 17 16
00 00 00 00 00 00 00 00 0A 19 16 18 17 16 19 1A
00 00 00 00 00 00 00 00 00 00 1B 16 18 19 18 00
00 00 00 00 00 00 00 00 00 00 0A 19 1A 1B 17 00
16 17 18 19 0B 0A 16 0B 0A 19 17 18 0B 0A 16 00
17 18 16 17 0B 0A 17 0B 0A 18 16 17 0B 0A 19 00
19 16 19 18 0B 0A 19 0B 0A 17 19 16 0B 0A 18 00
FF FF FF FF FF FF FF FF FF FF FF FF FF FF FF FF
