bgplanet.txt
00 00 00 00 00 00 00 00 00 00 00 0A 17 18 19 16
00 00 00 00 00 00 00 00 00 00 00 0A 19 1A 1B 18
00 00 00 00 00 00 00 00 00 00 00 0A 18 00 00 17
00 00 00 00 00 00 00 00 00 00 00 0A 16 00 00 19
16 17 18 0B 00 00 00 00 00 00 00 00 00 00 00 16
19 1A 00 00 00 00 00 00 00 00 00 00 00 00 00 1B
1A 00 00 00 00 00 00 00 00 00 00 00 00 00 00 00
00 00 00 00 00 00 00 00 00 00 00 00 00 00 00 00
00 00 00 00 00 00 00 00 00 00 00 00 00 00 00 00
00 00 00 00 00 00 00 00 00 00 00 00 00 00 00 00
00 00 00 00 00 00 00 00 00 00 00 00 00 00 00 00
00 00 00 00 00 00 00 00 00 00 00 00 00 00 00 00
00 00 00 00 00 00 0A 16 17 19 17 0B 0A 16 17 18
FF FF FF FF FF FF FF FF FF FF FF FF FF FF FF FF
