bgplanet.txt
16 0B 00 00 00 00 00 00 00 00 00 00 00 00 00 00
17 16 17 0B 00 00 00 00 00 00 00 00 00 00 00 00
18 17 18 19 16 18 17 19 18 16 17 19 18 16 17 19
16 19 16 1A 00 00 00 1B 19 1A 1B 16 1A 1B 16 1A
19 17 18 0B 00 00 00 0A 17 0B 00 18 00 00 19 00
1B 19 0B 0A 19 16 0B 00 00 00 00 1B 00 00 18 00
00 16 0B 00 0A 18 0B 00 00 00 00 00 00 00 1A 00
00 17 0B 00 0A 19 0B 00 00 00 00 00 00 00 00 00
00 1B 19 0B 0A 16 0B 00 00 00 00 00 00 00 00 00
00 00 00 0A 17 18 0B 00 00 00 00 00 00 00 00 00
00 00 00 00 0A 16 0B 00 00 00 00 00 00 00 00 00
00 00 00 00 0A 17 18 19 17 0B 0A 16 17 16 19 18
18 19 17 0B 0A 19 1A 1B 16 0B 0A 17 1A 1B 18 1A
FF FF FF FF FF FF FF FF FF FF FF FF FF FF FF FF
