bgplanet.txt
00 00 00 00 00 00 00 00 00 00 00 00 00 00 00 00
00 00 00 30 31 32 33 34 35 36 37 38 39 00 00 00
00 00 00 40 41 42 43 44 45 46 47 48 49 00 00 00
00 00 00 50 51 52 53 54 55 56 57 58 59 00 00 00
5D 1A 00 60 61 62 63 64 65 66 67 68 69 00 00 00
5C 0B 00 70 71 72 73 74 75 76 77 78 79 00 00 00
5C 0B 00 00 00 00 00 00 00 00 00 00 00 00 00 00
5C 0B 00 00 00 00 00 00 00 00 00 00 00 00 1B 1A
5C 0B 00 00 00 00 00 00 00 00 00 00 00 00 0A 0B
5C 0B 00 00 00 00 00 00 00 00 00 00 00 00 0A 0B
5C 0B 00 00 00 00 00 00 00 00 00 00 00 00 0A 0B
5C 0B 00 00 00 00 00 00 00 00 00 00 00 00 0A 0B
5C 0B 00 00 00 00 00 00 00 00 00 00 00 00 0A 0B
FF FF FF FF FF FF FF FF FF FF FF FF FF FF FF FF
