bgplanet.txt
00 00 00 00 00 00 00 00 00 00 00 00 00 00 00 00
00 00 00 00 00 00 00 00 00 00 00 00 00 00 00 00
00 00 00 00 00 00 00 00 00 00 00 00 00 00 00 00
00 00 00 00 00 00 00 00 00 00 00 00 00 00 00 00
00 00 00 00 00 00 00 00 00 00 00 00 00 00 00 00
00 00 00 00 00 00 00 00 00 00 00 00 00 00 00 09
00 00 00 00 00 00 00 00 00 00 00 00 00 00 00 00
00 00 00 00 00 00 00 00 00 3A 3B 3C 3D 3E 3F 09
00 00 00 00 00 00 00 00 00 4A 4B 4C 4D 4E 4F 00
00 1B 1A 00 00 00 00 00 00 5A 5B 00 00 5E 5F 09
00 0A 0B 1B 1A 00 00 00 00 6A 6B 00 00 6E 6F 00
00 0A 0B 0A 0B 1B 1A 00 00 7A 7B 7C 7D 7E 7F 09
00 0A 0B 0A 0B 0A 0B 00 0A 16 17 18 19 18 16 0B
FF FF FF FF FF FF FF FF FF FF FF FF FF FF FF FF
