bgplanet.txt
00 00 00 00 00 00 00 00 00 00 00 00 00 00 00 00
00 00 00 00 00 00 00 00 00 00 00 00 00 00 00 00
00 00 00 00 00 00 00 00 00 00 00 00 00 00 00 00
00 00 00 00 00 00 00 00 00 00 00 00 00 00 00 00
00 00 00 00 00 00 00 00 00 00 00 00 00 00 00 00
00 00 00 00 00 00 00 00 00 00 00 00 00 00 00 00
00 00 00 00 00 00 00 00 00 00 00 00 00 00 00 00
00 00 00 00 00 00 00 00 00 00 00 00 00 00 00 00
00 00 00 00 00 00 00 00 00 00 00 00 0C 01 02 0D
00 00 00 00 00 00 00 00 00 00 00 00 00 07 08 00
00 00 00 00 00 00 00 00 00 0C 03 04 0D 00 00 00
00 00 00 00 00 00 00 00 00 00 08 08 00 00 00 00
00 05 00 06 05 00 00 05 00 05 00 00 05 00 06 00
1D 02 03 04 03 01 03 02 04 01 03 04 03 01 02 1C
